       3        5       21       25       30       33       38       74       76       76
      83      100      141      141      144      166      193      207      226      228
     229      236      242      277      280      280      293      294      295      306
     339      351      361      373      377      406      410      411      417      424
     432      439      451      469      470      484      492      494      495      501
     506      509      531      547      553      568      574      575      597      605
     637      643      647      651      667      686      695      695      698      709
     724      730      734      734      737      745      770      778      785      813
     819      835      836      839      843      887      891      896      901      917
     957      959     1007     1008     1008     1012     1016     1018     1020     1041
    1045     1057     1064     1070     1106     1111     1113     1121     1129     1134
    1144     1153     1157     1179     1188     1194     1207     1213     1214     1230
    1231     1239     1248     1256     1259     1261     1262     1269     1318     1331
    1333     1390     1391     1393     1413     1419     1428     1443     1451     1461
    1480     1493     1499     1514     1529     1529     1537     1537     1546     1552
    1552     1554     1559     1562     1572     1580     1585     1591     1595     1605
    1628     1634     1636     1636     1644     1659     1677     1679     1682     1689
    1700     1707     1709     1725     1731     1747     1750     1769     1776     1783
    1791     1794     1797     1803     1805     1807     1813     1825     1829     1836
    1902     1911     1921     1931     1931     1944     1966     1971     1971     1977
    1987     1989     1992     2028     2030     2034     2043     2049     2056     2062
    2087     2091     2091     2100     2107     2113     2128     2148     2152     2165
    2168     2179     2180     2182     2189     2209     2222     2224     2240     2311
    2314     2323     2329     2333     2334     2338     2352     2353     2374     2379
    2386     2393     2398     2399     2401     2403     2409     2414     2426     2431
    2448     2458     2488     2498     2500     2503     2510     2556     2581     2587
    2594     2595     2600     2604     2634     2666     2675     2737     2742     2746
    2748     2749     2756     2757     2770     2788     2804     2805     2824     2825
    2841     2848     2855     2872     2872     2877     2897     2905     2912     2915
    2922     2931     2955     2965     2966     2976     2978     2993     2995     2998
    3027     3030     3038     3039     3043     3051     3057     3071     3075     3077
    3079     3087     3098     3102     3112     3114     3146     3154     3164     3165
    3169     3187     3200     3208     3216     3222     3233     3235     3244     3247
    3249     3263     3269     3287     3294     3316     3316     3320     3329     3333
    3366     3391     3392     3394     3406     3406     3417     3419     3428     3433
    3452     3455     3462     3462     3481     3493     3493     3500     3513     3525
    3531     3541     3542     3552     3558     3575     3577     3609     3609     3613
    3625     3626     3630     3640     3664     3676     3694     3694     3699     3705
    3759     3765     3783     3800     3801     3802     3807     3810     3812     3824
    3832     3847     3849     3852     3852     3864     3878     3880     3886     3901
    3915     3921     3929     3949     3952     3974     3977     3993     4000     4001
    4007     4021     4048     4053     4082     4088     4109     4109     4132     4139
    4150     4158     4163     4165     4174     4177     4185     4189     4199     4202
    4215     4230     4244     4246     4249     4254     4256     4285     4298     4300
    4308     4326     4332     4377     4380     4382     4382     4421     4433     4447
    4449     4462     4463     4470     4481     4499     4503     4504     4508     4509
    4530     4531     4537     4540     4543     4552     4555     4560     4574     4582
    4590     4623     4623     4640     4642     4644     4662     4675     4691     4711
    4724     4771     4809     4822     4828     4829     4829     4831     4832     4864
    4878     4882     4884     4891     4894     4911     4911     4913     4917     4924
    4931     4948     4958     4965     4974     4980     4996     5032     5041     5060
    5064     5070     5092     5092     5093     5095     5099     5100     5103     5106
    5113     5122     5133     5169     5170     5171     5187     5203     5219     5231
    5247     5257     5257     5260     5283     5305     5308     5320     5328     5332
    5335     5336     5354     5362     5364     5369     5371     5375     5387     5395
    5410     5437     5449     5456     5479     5487     5488     5489     5527     5528
    5541     5559     5568     5584     5593     5602     5625     5645     5645     5654
    5672     5675     5684     5689     5692     5710     5721     5724     5725     5729
    5730     5746     5752     5768     5775     5779     5792     5802     5805     5820
    5825     5892     5907     5907     5911     5920     5938     5977     5994     6016
    6021     6051     6057     6066     6075     6076     6092     6093     6110     6127
    6164     6168     6168     6183     6188     6190     6193     6208     6209     6220
    6226     6232     6264     6274     6276     6306     6318     6334     6336     6353
    6355     6357     6377     6387     6402     6408     6411     6415     6451     6468
    6492     6497     6498     6512     6514     6516     6516     6526     6527     6556
    6578     6579     6588     6596     6605     6607     6616     6631     6636     6641
    6641     6659     6670     6671     6674     6676     6677     6678     6684     6692
    6696     6713     6731     6733     6741     6763     6781     6791     6799     6805
    6808     6823     6840     6855     6879     6891     6897     6901     6906     6918
    6930     6963     6965     6982     6984     7016     7037     7070     7076     7100
    7100     7103     7115     7120     7132     7139     7177     7179     7181     7197
    7209     7225     7236     7243     7255     7255     7261     7294     7295     7299
    7307     7319     7324     7329     7369     7370     7371     7387     7393     7393
    7403     7404     7435     7481     7490     7515     7521     7529     7558     7562
    7568     7578     7584     7593     7595     7607     7634     7641     7652     7660
    7675     7677     7713     7720     7728     7738     7742     7777     7801     7802
    7802     7809     7812     7839     7840     7848     7881     7881     7888     7891
    7915     7923     7931     7961     7969     7975     8009     8016     8025     8036
    8041     8052     8055     8060     8121     8122     8142     8161     8164     8174
    8180     8195     8197     8199     8206     8235     8263     8326     8326     8335
    8352     8367     8369     8377     8400     8404     8420     8426     8431     8444
    8452     8453     8453     8469     8469     8482     8506     8508     8509     8514
    8524     8530     8530     8537     8541     8543     8546     8548     8568     8574
    8592     8604     8622     8625     8630     8646     8653     8664     8674     8685
    8690     8691     8696     8705     8725     8726     8734     8744     8752     8755
    8782     8800     8817     8817     8826     8829     8847     8868     8874     8894
    8894     8914     8917     8924     8931     8940     8944     8979     8988     9007
    9015     9024     9028     9053     9060     9062     9072     9072     9085     9099
    9109     9127     9147     9154     9188     9194     9226     9233     9233     9238
    9243     9244     9253     9261     9267     9274     9284     9297     9301     9302
    9304     9309     9334     9335     9337     9344     9360     9364     9400     9407
    9409     9410     9420     9421     9423     9433     9435     9441     9447     9448
    9472     9504     9524     9543     9547     9551     9563     9565     9577     9589
    9625     9631     9635     9644     9651     9660     9661     9667     9678     9679
    9685     9697     9703     9731     9742     9744     9757     9758     9761     9805
    9807     9811     9822     9825     9825     9829     9837     9854     9858     9859
    9869     9891     9898     9901     9902     9903     9936     9944     9952     9957
    9957     9967     9973     9988     9989     9997    10024    10058    10061    10076
   10092    10093    10147    10162    10181    10187    10190    10191    10202    10218
   10249    10252    10276    10289    10295    10296    10298    10304    10304    10308
   10317    10320    10328    10359    10362    10367    10373    10385    10404    10405
   10406    10407    10436    10446    10466    10491    10493    10502    10510    10529
   10531    10549    10552    10557    10558    10562    10601    10611    10612    10613
   10644    10663    10688    10707    10709    10726    10751    10759    10771    10771
   10830    10838    10840    10843    10843    10865    10887    10888    10899    10921
   10924    10929    10933    10934    10960    10962    10963    10970    10977    10988
   10990    10994    10995    11011    11024    11025    11031    11038    11047    11051
   11088    11131    11139    11144    11146    11157    11178    11182    11201    11206
   11233    11237    11240    11270    11275    11285    11289    11301    11328    11332
   11340    11342    11371    11400    11410    11425    11428    11431    11450    11454
   11459    11460    11464    11474    11478    11484    11486    11490    11509    11519
   11525    11526    11531    11547    11566    11579    11583    11597    11624    11627
   11627    11657    11657    11680    11713    11727    11737    11757    11758    11767
   11773    11799    11818    11829    11832    11833    11838    11839    11849    11877
   11889    11890    11902    11922    11928    11929    11931    11940    11954    11984
   11995    12005    12012    12013    12016    12016    12018    12024    12039    12049
   12051    12073    12094    12100    12101    12110    12114    12118    12119    12136
   12145    12145    12148    12170    12173    12189    12203    12209    12211    12223
   12227    12234    12240    12242    12246    12259    12280    12335    12341    12353
   12357    12364    12375    12378    12383    12393    12397    12399    12403    12413
   12423    12429    12431    12432    12450    12483    12489    12492    12495    12504
   12509    12512    12516    12525    12526    12537    12554    12562    12570    12573
   12582    12598    12600    12614    12639    12645    12652    12665    12673    12678
   12688    12722    12731    12741    12744    12745    12756    12771    12783    12792
   12793    12804    12805    12809    12818    12834    12846    12874    12896    12909
   12932    12934    12940    12946    12948    12976    12984    12989    13001    13011
   13012    13016    13054    13063    13074    13115    13117    13119    13120    13134
   13135    13136    13152    13153    13165    13171    13186    13190    13201    13205
   13217    13233    13255    13258    13259    13273    13282    13287    13295    13301
   13302    13311    13327    13334    13336    13342    13345    13367    13383    13406
   13415    13427    13443    13460    13491    13494    13500    13518    13522    13529
   13546    13579    13585    13587    13588    13592    13606    13619    13635    13647
   13652    13658    13663    13673    13674    13683    13685    13688    13698    13722
   13726    13739    13740    13749    13751    13752    13763    13768    13775    13776
   13784    13806    13821    13823    13827    13833    13838    13847    13857    13882
   13884    13897    13898    13906    13916    13928    13949    13968    13971    13976
   14006    14029    14035    14038    14039    14042    14045    14045    14049    14081
   14090    14110    14117    14135    14136    14145    14153    14167    14178    14183
   14185    14202    14211    14220    14242    14247    14257    14259    14283    14294
   14301    14304    14322    14330    14331    14336    14338    14345    14357    14358
   14363    14401    14417    14430    14430    14435    14477    14478    14482    14488
   14492    14494    14505    14512    14512    14521    14540    14558    14563    14574
   14582    14588    14598    14598    14611    14679    14687    14690    14692    14704
   14723    14725    14726    14731    14741    14743    14786    14787    14789    14805
   14811    14813    14827    14829    14843    14849    14867    14868    14869    14876
   14890    14924    14931    14932    14950    14958    14962    14962    14970    14976
   14980    14986    14990    15012    15020    15020    15047    15062    15069    15070
   15094    15110    15113    15121    15126    15144    15145    15150    15154    15171
   15186    15191    15192    15205    15210    15215    15219    15223    15254    15259
   15269    15280    15281    15297    15298    15299    15317    15325    15342    15344
   15352    15372    15377    15409    15411    15427    15436    15443    15466    15484
   15490    15493    15507    15521    15525    15526    15530    15536    15543    15556
   15569    15573    15590    15593    15596    15602    15603    15612    15614    15645
   15646    15646    15664    15670    15678    15683    15694    15702    15709    15727
   15728    15730    15735    15755    15759    15765    15769    15798    15799    15809
   15827    15854    15878    15881    15885    15892    15902    15902    15938    15946
   15953    15967    15970    15983    15987    15989    16010    16040    16052    16055
   16065    16076    16077    16092    16097    16123    16123    16132    16138    16150
   16150    16154    16168    16182    16189    16192    16196    16205    16205    16208
   16215    16217    16241    16243    16263    16285    16317    16327    16329    16335
   16336    16338    16359    16430    16452    16461    16468    16470    16473    16478
   16515    16569    16578    16585    16593    16602    16605    16657    16672    16673
   16704    16704    16721    16751    16752    16760    16768    16769    16771    16771
   16776    16777    16785    16786    16789    16795    16803    16804    16804    16824
   16831    16834    16849    16855    16861    16864    16886    16901    16909    16914
   16937    16938    16952    16965    16970    16985    16991    17011    17013    17018
   17019    17021    17042    17058    17060    17061    17063    17070    17076    17098
   17102    17107    17126    17128    17154    17166    17167    17167    17170    17171
   17172    17183    17191    17206    17209    17218    17234    17247    17255    17272
   17286    17296    17297    17318    17318    17319    17328    17332    17339    17340
   17343    17346    17348    17349    17353    17356    17362    17363    17364    17404
   17415    17439    17443    17450    17454    17471    17472    17476    17507    17514
   17522    17525    17526    17539    17552    17562    17587    17600    17615    17617
   17625    17625    17640    17644    17653    17656    17657    17667    17680    17700
   17707    17730    17736    17749    17784    17790    17794    17795    17795    17798
   17804    17806    17807    17815    17824    17827    17831    17841    17851    17855
   17884    17886    17898    17904    17909    17914    17949    17952    17985    17991
   18021    18023    18031    18031    18033    18041    18069    18080    18085    18097
   18101    18106    18107    18113    18116    18127    18149    18155    18164    18188
   18216    18230    18235    18240    18248    18255    18261    18263    18266    18279
   18283    18289    18297    18324    18331    18332    18347    18347    18351    18352
   18365    18375    18377    18393    18426    18444    18462    18469    18471    18472
   18487    18499    18500    18540    18583    18598    18604    18609    18610    18622
   18646    18654    18661    18662    18688    18698    18706    18707    18714    18717
   18735    18749    18751    18754    18759    18786    18807    18807    18811    18816
   18834    18861    18862    18867    18905    18912    18916    18930    18943    18959
   18963    18964    18975    18983    18994    19000    19002    19004    19013    19019
   19022    19036    19047    19047    19051    19053    19056    19083    19103    19113
   19115    19116    19126    19145    19149    19153    19161    19181    19188    19199
   19210    19219    19223    19232    19262    19263    19268    19292    19297    19313
   19319    19333    19335    19343    19349    19373    19375    19385    19397    19398
   19401    19402    19419    19421    19424    19450    19452    19471    19480    19497
   19500    19508    19509    19520    19532    19533    19542    19560    19561    19582
   19583    19593    19641    19644    19649    19689    19694    19696    19711    19773
   19785    19787    19790    19798    19808    19810    19825    19831    19839    19848
   19856    19913    19962    19967    19990    19991    19992    19996    20031    20062
   20062    20066    20070    20076    20115    20124    20130    20141    20164    20180
   20214    20216    20219    20219    20221    20228    20245    20252    20252    20255
   20261    20263    20283    20295    20296    20300    20346    20355    20359    20368
   20371    20388    20404    20408    20426    20427    20448    20449    20460    20490
   20490    20506    20506    20507    20533    20552    20570    20582    20589    20596
   20600    20614    20621    20625    20631    20634    20642    20656    20659    20664
   20665    20668    20675    20708    20714    20724    20725    20731    20737    20759
   20762    20772    20777    20808    20824    20829    20829    20834    20853    20858
   20901    20942    20953    20968    20980    20983    20984    20990    20995    21002
   21007    21015    21056    21073    21089    21097    21101    21113    21113    21145
   21154    21159    21170    21189    21191    21200    21204    21204    21207    21214
   21281    21285    21294    21297    21306    21331    21333    21337    21341    21345
   21368    21374    21376    21391    21396    21403    21407    21409    21433    21436
   21453    21468    21469    21470    21470    21493    21520    21540    21559    21560
   21568    21576    21576    21583    21594    21595    21597    21620    21622    21633
   21643    21645    21651    21657    21663    21671    21671    21675    21675    21680
   21690    21700    21702    21704    21713    21731    21735    21746    21762    21797
   21804    21804    21809    21812    21825    21834    21838    21843    21851    21853
   21863    21881    21881    21883    21903    21905    21934    21961    21997    22003
   22008    22008    22010    22017    22023    22029    22035    22057    22064    22064
   22077    22079    22082    22097    22107    22121    22134    22138    22141    22149
   22157    22161    22165    22167    22171    22186    22193    22201    22202    22228
   22251    22253    22259    22279    22282    22292    22295    22323    22340    22344
   22373    22378    22382    22386    22399    22400    22400    22416    22436    22437
   22441    22453    22461    22469    22479    22483    22497    22518    22549    22559
   22567    22599    22602    22605    22610    22619    22655    22671    22676    22677
   22688    22695    22708    22715    22725    22731    22743    22759    22767    22777
   22781    22793    22806    22807    22825    22831    22845    22845    22846    22856
   22857    22858    22866    22868    22886    22895    22902    22904    22904    22946
   22950    22960    22969    22986    22995    23001    23008    23034    23044    23067
   23067    23076    23088    23096    23101    23113    23117    23125    23133    23134
   23153    23154    23172    23187    23191    23204    23209    23226    23274    23276
   23284    23292    23295    23300    23338    23351    23352    23405    23421    23500
   23513    23513    23514    23518    23535    23560    23562    23581    23587    23602
   23604    23653    23685    23687    23687    23687    23692    23705    23716    23719
   23723    23726    23727    23753    23761    23792    23792    23792    23821    23844
   23861    23863    23868    23872    23873    23879    23880    23881    23888    23893
   23908    23928    23933    23936    23944    23954    23956    23962    23983    23984
   23996    24002    24012    24017    24018    24020    24033    24037    24039    24048
   24061    24071    24080    24096    24102    24116    24122    24124    24125    24128
   24131    24132    24133    24136    24168    24172    24173    24183    24183    24186
   24191    24200    24202    24206    24225    24226    24233    24233    24237    24260
   24261    24282    24283    24333    24334    24338    24352    24356    24360    24365
   24371    24374    24374    24400    24403    24408    24409    24409    24425    24428
   24432    24437    24465    24470    24496    24501    24533    24547    24558    24561
   24566    24571    24577    24579    24600    24616    24616    24616    24617    24619
   24624    24630    24633    24650    24652    24652    24655    24659    24664    24675
   24704    24725    24751    24754    24774    24780    24783    24786    24790    24791
   24803    24808    24818    24823    24828    24842    24846    24849    24852    24864
   24884    24904    24911    24920    24922    24928    24947    24954    24966    24974
   24991    24995    24995    25010    25024    25069    25072    25076    25083    25088
   25091    25097    25105    25108    25135    25150    25162    25175    25181    25182
   25230    25231    25232    25233    25234    25234    25245    25270    25310    25322
   25339    25354    25357    25365    25387    25413    25439    25439    25441    25445
   25457    25462    25470    25476    25478    25482    25485    25489    25520    25524
   25529    25561    25564    25571    25587    25592    25596    25616    25626    25638
   25664    25671    25682    25693    25697    25709    25714    25715    25715    25719
   25734    25755    25761    25765    25779    25803    25804    25816    25829    25835
   25840    25844    25865    25871    25883    25887    25891    25892    25920    25927
   25937    25938    25958    25973    25983    25983    25989    25996    26004    26005
   26026    26030    26045    26053    26062    26062    26073    26154    26154    26158
   26168    26185    26207    26228    26239    26251    26255    26263    26273    26276
   26276    26285    26288    26291    26303    26308    26315    26317    26317    26334
   26347    26356    26367    26371    26376    26377    26379    26385    26388    26390
   26401    26404    26406    26407    26450    26481    26495    26500    26522    26523
   26530    26532    26537    26544    26552    26555    26563    26573    26578    26619
   26628    26638    26644    26672    26688    26691    26695    26695    26713    26726
   26726    26757    26770    26774    26785    26806    26831    26836    26856    26856
   26858    26860    26875    26889    26907    26914    26926    26930    26933    26963
   26968    26976    26995    26997    27000    27010    27013    27015    27021    27022
   27032    27036    27079    27082    27091    27112    27117    27125    27151    27151
   27156    27157    27172    27183    27184    27195    27199    27200    27214    27221
   27233    27244    27266    27285    27300    27305    27310    27315    27324    27341
   27358    27372    27397    27412    27420    27422    27430    27434    27446    27455
   27460    27466    27466    27472    27481    27490    27504    27509    27510    27523
   27528    27557    27575    27581    27585    27596    27600    27603    27608    27626
   27635    27636    27644    27647    27654    27657    27668    27682    27684    27692
   27701    27712    27715    27716    27717    27732    27737    27764    27775    27777
   27778    27788    27789    27789    27791    27799    27800    27811    27819    27830
   27834    27839    27853    27856    27862    27870    27877    27882    27884    27898
   27915    27915    27915    27916    27931    27949    27954    27962    27968    27970
   27977    28007    28010    28029    28042    28049    28060    28093    28142    28168
   28173    28178    28187    28188    28227    28229    28231    28243    28253    28269
   28286    28294    28299    28307    28325    28327    28329    28331    28369    28386
   28388    28391    28406    28407    28409    28415    28457    28461    28472    28475
   28491    28493    28506    28509    28512    28512    28523    28530    28537    28538
   28550    28551    28553    28556    28557    28558    28558    28569    28577    28578
   28579    28592    28608    28634    28643    28645    28652    28659    28698    28701
   28704    28718    28721    28735    28767    28770    28771    28777    28782    28788
   28836    28844    28848    28859    28867    28886    28897    28902    28905    28906
   28907    28938    28974    28979    28989    28993    29014    29043    29063    29076
   29080    29082    29090    29094    29096    29114    29119    29119    29127    29152
   29168    29185    29208    29231    29232    29249    29259    29278    29293    29299
   29339    29355    29357    29364    29370    29399    29405    29413    29424    29453
   29456    29464    29467    29469    29476    29476    29481    29485    29496    29517
   29522    29529    29572    29574    29578    29588    29590    29597    29611    29631
   29635    29643    29658    29690    29693    29697    29698    29704    29707    29716
   29719    29741    29744    29746    29758    29759    29760    29772    29779    29798
   29803    29806    29812    29834    29842    29848    29857    29862    29873    29878
   29889    29891    29894    29899    29923    29924    29926    29953    29953    29975
   29989    30001    30034    30035    30037    30059    30062    30065    30068    30069
   30085    30103    30111    30135    30137    30143    30151    30164    30165    30170
   30177    30191    30205    30215    30216    30216    30217    30233    30234    30246
   30258    30278    30293    30298    30306    30308    30313    30313    30315    30322
   30328    30335    30336    30343    30347    30353    30371    30373    30374    30384
   30387    30388    30410    30415    30417    30420    30430    30441    30473    30497
   30502    30507    30514    30525    30536    30536    30556    30556    30558    30579
   30584    30585    30591    30594    30618    30620    30624    30625    30627    30638
   30640    30683    30697    30709    30710    30714    30722    30729    30735    30736
   30757    30778    30779    30787    30793    30797    30808    30824    30851    30853
   30898    30898    30912    30923    30934    30938    30967    30984    30989    30990
   30992    31000    31010    31012    31016    31028    31043    31046    31053    31063
   31068    31077    31077    31078    31080    31091    31096    31101    31106    31142
   31154    31158    31164    31168    31171    31178    31200    31212    31219    31222
   31235    31244    31250    31257    31265    31269    31292    31296    31308    31338
   31355    31356    31357    31382    31386    31389    31398    31400    31401    31402
   31410    31414    31424    31435    31441    31451    31451    31454    31460    31477
   31493    31503    31520    31520    31547    31548    31555    31557    31569    31582
   31582    31590    31611    31615    31617    31618    31625    31636    31640    31656
   31685    31686    31689    31699    31705    31706    31706    31726    31730    31738
   31740    31750    31786    31793    31796    31802    31835    31836    31862    31871
   31878    31894    31905    31911    31918    31922    31945    31946    31949    31953
   31965    31981    32003    32013    32022    32025    32032    32036    32037    32041
   32043    32044    32045    32050    32050    32074    32078    32083    32092    32107
   32111    32129    32131    32132    32147    32150    32157    32163    32171    32192
   32202    32210    32216    32218    32243    32246    32270    32278    32291    32294
   32295    32299    32326    32345    32350    32400    32408    32414    32423    32427
   32429    32431    32441    32445    32458    32465    32474    32476    32484    32497
   32498    32507    32507    32531    32546    32560    32568    32578    32582    32585
   32594    32600    32678    32682    32685    32687    32705    32712    32717    32728
   32736    32738    32740    32745    32754    32777    32787    32788    32793    32805
   32808    32832    32837    32839    32843    32853    32854    32857    32859    32866
   32870    32877    32884    32921    32932    32933    32941    32954    32954    32969
   32972    32986    33002    33034    33041    33048    33060    33086    33110    33127
   33156    33164    33164    33180    33187    33187    33198    33241    33259    33290
   33296    33297    33297    33301    33302    33305    33307    33319    33378    33383
   33464    33474    33480    33484    33488    33492    33495    33514    33518    33526
   33527    33528    33545    33552    33564    33593    33596    33614    33637    33647
   33651    33653    33654    33671    33677    33688    33691    33712    33713    33717
   33720    33730    33742    33756    33762    33763    33765    33772    33780    33785
   33795    33798    33807    33819    33820    33832    33842    33855    33872    33889
   33889    33903    33918    33919    33920    33936    33938    33940    33958    33967
   33976    33980    33987    34005    34007    34032    34048    34051    34066    34068
   34134    34135    34154    34160    34161    34179    34179    34180    34200    34218
   34220    34243    34249    34261    34270    34271    34275    34276    34279    34279
   34281    34290    34296    34297    34301    34334    34370    34375    34401    34428
   34441    34448    34460    34494    34535    34536    34547    34557    34595    34607
   34608    34623    34628    34631    34633    34638    34638    34643    34648    34651
   34656    34658    34673    34677    34690    34758    34769    34772    34785    34795
   34797    34814    34815    34820    34827    34830    34843    34845    34848    34855
   34881    34881    34898    34900    34901    34910    34914    34927    34932    34933
   34955    34955    35011    35035    35037    35042    35049    35070    35084    35101
   35103    35134    35149    35155    35173    35181    35193    35196    35203    35209
   35222    35226    35232    35234    35239    35240    35241    35245    35246    35262
   35276    35280    35281    35282    35286    35292    35299    35302    35304    35307
   35323    35350    35364    35366    35368    35374    35380    35381    35383    35389
   35412    35416    35419    35421    35441    35445    35455    35481    35497    35510
   35521    35528    35535    35557    35561    35562    35563    35565    35599    35600
   35607    35610    35618    35631    35639    35648    35652    35666    35668    35671
   35673    35717    35722    35733    35747    35750    35752    35761    35785    35786
   35827    35830    35838    35841    35855    35885    35894    35901    35907    35917
   35939    35940    35944    35955    35960    35979    35982    35982    36012    36015
   36023    36026    36050    36058    36058    36065    36068    36069    36084    36085
   36098    36110    36123    36131    36141    36142    36148    36151    36152    36157
   36160    36174    36183    36187    36194    36226    36230    36231    36237    36237
   36241    36245    36256    36259    36270    36272    36289    36294    36296    36319
   36398    36403    36404    36430    36454    36460    36468    36469    36479    36485
   36488    36491    36503    36529    36536    36538    36588    36605    36612    36615
   36617    36627    36644    36658    36672    36703    36716    36730    36733    36753
   36761    36766    36770    36793    36813    36817    36852    36858    36864    36871
   36874    36876    36884    36909    36922    36924    36930    36947    36951    36968
   36973    36982    36986    36991    36994    37011    37014    37021    37047    37055
   37066    37073    37079    37084    37115    37129    37132    37132    37133    37143
   37153    37163    37170    37175    37176    37180    37210    37233    37236    37238
   37240    37257    37277    37278    37282    37293    37296    37300    37324    37335
   37359    37367    37386    37401    37407    37419    37422    37438    37442    37455
   37473    37478    37484    37496    37504    37515    37525    37538    37560    37564
   37570    37571    37588    37601    37610    37613    37615    37615    37624    37637
   37644    37652    37667    37716    37719    37743    37763    37774    37774    37777
   37796    37820    37832    37836    37881    37881    37892    37898    37899    37899
   37906    37907    37925    37926    37928    37963    37976    37977    37981    37986
   37987    37995    38015    38027    38037    38058    38100    38123    38124    38133
   38157    38170    38178    38186    38242    38254    38256    38277    38283    38286
   38301    38301    38306    38319    38338    38341    38350    38365    38368    38369
   38377    38394    38433    38437    38455    38463    38471    38497    38513    38519
   38538    38538    38544    38545    38576    38580    38583    38623    38628    38634
   38641    38661    38670    38679    38688    38698    38699    38711    38736    38745
   38759    38766    38770    38777    38796    38799    38812    38816    38826    38827
   38828    38830    38840    38842    38854    38877    38903    38910    38916    38919
   38941    38951    38954    38956    38957    38965    38970    38988    38990    39017
   39028    39036    39049    39055    39063    39074    39081    39083    39106    39107
   39113    39116    39120    39123    39132    39135    39162    39169    39182    39188
   39199    39200    39220    39236    39244    39250    39253    39275    39276    39278
   39279    39284    39286    39290    39290    39292    39315    39318    39318    39324
   39331    39336    39348    39349    39354    39415    39422    39431    39435    39440
   39463    39470    39472    39474    39487    39488    39490    39517    39518    39518
   39591    39592    39596    39604    39607    39632    39642    39644    39659    39667
   39694    39707    39718    39720    39722    39739    39752    39770    39777    39790
   39790    39801    39804    39809    39812    39820    39826    39828    39835    39841
   39857    39870    39875    39880    39882    39895    39897    39914    39926    40003
   40007    40011    40023    40044    40054    40061    40063    40065    40079    40082
   40083    40085    40090    40099    40111    40130    40134    40153    40159    40175
   40190    40194    40194    40195    40196    40200    40203    40210    40233    40234
   40235    40240    40247    40266    40267    40277    40279    40291    40294    40317
   40350    40354    40359    40368    40378    40383    40394    40429    40465    40471
   40478    40486    40492    40508    40511    40530    40533    40535    40551    40577
   40577    40581    40585    40612    40632    40636    40639    40651    40676    40683
   40701    40714    40723    40725    40729    40733    40736    40750    40754    40755
   40757    40784    40812    40814    40822    40826    40845    40846    40848    40857
   40877    40889    40903    40971    40974    40988    41002    41009    41016    41025
   41030    41046    41047    41057    41066    41086    41104    41114    41123    41129
   41134    41138    41140    41164    41175    41197    41198    41213    41215    41250
   41257    41268    41284    41292    41300    41302    41327    41339    41343    41350
   41355    41357    41383    41396    41407    41407    41412    41417    41424    41434
   41438    41444    41447    41456    41462    41474    41475    41481    41487    41488
   41494    41528    41531    41539    41561    41571    41572    41602    41614    41640
   41642    41667    41671    41671    41673    41678    41682    41684    41685    41696
   41698    41705    41711    41721    41728    41734    41761    41780    41785    41804
   41812    41819    41830    41836    41850    41852    41853    41864    41866    41876
   41878    41896    41928    41935    41940    41951    41956    41977    41999    42003
   42008    42015    42028    42064    42075    42086    42093    42109    42112    42112
   42119    42123    42128    42137    42146    42172    42186    42192    42194    42207
   42207    42224    42225    42228    42247    42260    42310    42312    42322    42326
   42345    42376    42379    42398    42411    42425    42425    42425    42505    42510
   42515    42531    42558    42559    42559    42567    42570    42571    42578    42580
   42592    42600    42601    42617    42626    42627    42631    42649    42650    42651
   42667    42671    42674    42680    42685    42707    42707    42710    42730    42747
   42747    42758    42833    42835    42836    42839    42839    42876    42892    42897
   42908    42913    42913    42922    42935    42954    42964    42980    42980    42985
   43033    43038    43051    43054    43060    43090    43090    43109    43114    43134
   43136    43152    43168    43168    43175    43176    43186    43189    43193    43194
   43209    43214    43225    43227    43231    43236    43256    43261    43266    43301
   43314    43319    43322    43334    43346    43349    43354    43354    43354    43360
   43372    43381    43382    43386    43392    43392    43403    43419    43425    43451
   43457    43468    43472    43472    43474    43510    43514    43514    43527    43528
   43529    43533    43539    43540    43563    43573    43578    43582    43613    43616
   43641    43642    43652    43656    43666    43671    43678    43708    43712    43737
   43743    43744    43745    43750    43770    43773    43792    43801    43803    43804
   43824    43824    43825    43828    43846    43850    43853    43855    43870    43873
   43875    43876    43883    43910    43916    43929    43942    43946    43951    43951
   43960    43970    43976    43986    43986    43995    44003    44019    44025    44050
   44099    44110    44122    44146    44164    44185    44228    44237    44239    44241
   44247    44258    44278    44282    44294    44314    44333    44347    44355    44358
   44396    44401    44429    44435    44454    44463    44471    44473    44479    44479
   44485    44493    44526    44531    44539    44542    44544    44548    44562    44571
   44583    44592    44598    44623    44634    44644    44645    44649    44652    44662
   44674    44705    44717    44719    44739    44739    44741    44741    44758    44761
   44771    44777    44778    44788    44820    44821    44823    44835    44856    44859
   44867    44870    44871    44878    44880    44895    44898    44902    44936    44960
   44963    44967    44974    44981    44983    45002    45004    45006    45014    45014
   45025    45036    45055    45057    45061    45070    45083    45083    45096    45102
   45116    45140    45148    45150    45151    45152    45158    45158    45192    45208
   45214    45231    45232    45238    45270    45277    45280    45317    45343    45345
   45367    45381    45388    45389    45390    45392    45411    45432    45432    45450
   45471    45479    45491    45493    45525    45535    45593    45612    45622    45629
   45630    45635    45641    45645    45656    45673    45684    45690    45707    45708
   45710    45712    45722    45734    45742    45746    45750    45799    45804    45823
   45848    45858    45873    45893    45903    45913    45918    45937    45943    45947
   45947    45961    45971    45974    45993    45995    45997    45999    46002    46017
   46042    46045    46046    46055    46070    46105    46106    46119    46120    46128
   46132    46134    46136    46139    46155    46165    46176    46179    46191    46197
   46197    46225    46227    46232    46244    46247    46254    46257    46264    46316
   46326    46326    46345    46355    46359    46364    46365    46377    46378    46424
   46432    46432    46448    46456    46466    46473    46473    46475    46512    46549
   46555    46560    46569    46576    46576    46578    46595    46595    46603    46619
   46621    46638    46651    46654    46668    46670    46672    46695    46701    46702
   46717    46718    46724    46741    46754    46769    46771    46791    46792    46835
   46842    46846    46848    46849    46852    46856    46876    46952    46965    46971
   46976    46979    47001    47004    47010    47016    47017    47031    47038    47040
   47043    47046    47051    47052    47055    47074    47077    47078    47081    47089
   47095    47098    47104    47133    47133    47140    47151    47154    47159    47162
   47162    47163    47164    47166    47182    47191    47211    47213    47243    47243
   47245    47282    47289    47301    47322    47324    47336    47343    47358    47380
   47412    47414    47416    47426    47433    47451    47463    47484    47503    47527
   47554    47566    47591    47594    47599    47605    47625    47633    47635    47636
   47653    47659    47660    47677    47693    47696    47723    47754    47775    47777
   47797    47803    47826    47834    47838    47838    47839    47842    47855    47856
   47888    47891    47892    47906    47908    47915    47919    47961    47962    47963
   47984    47992    47992    48015    48021    48037    48044    48052    48067    48077
   48082    48093    48139    48155    48170    48172    48172    48184    48186    48202
   48219    48230    48231    48234    48235    48236    48246    48247    48253    48262
   48270    48271    48274    48274    48274    48281    48300    48307    48315    48323
   48351    48370    48382    48387    48395    48407    48419    48429    48443    48451
   48467    48487    48499    48527    48556    48571    48572    48576    48577    48578
   48591    48619    48628    48651    48672    48673    48683    48705    48707    48716
   48717    48734    48748    48778    48803    48807    48815    48817    48825    48851
   48865    48884    48894    48897    48919    48922    48930    48955    48963    48996
   49003    49013    49032    49042    49045    49046    49050    49059    49067    49075
   49081    49082    49105    49116    49119    49120    49134    49135    49146    49172
   49173    49187    49199    49206    49248    49295    49295    49298    49300    49301
   49309    49317    49339    49348    49356    49375    49384    49397    49413    49414
   49415    49432    49441    49461    49463    49479    49479    49483    49483    49498
   49501    49537    49539    49557    49579    49582    49584    49588    49601    49626
   49627    49642    49650    49667    49678    49681    49689    49691    49707    49715
   49737    49740    49760    49777    49797    49799    49818    49819    49822    49834
   49842    49866    49873    49879    49880    49887    49889    49901    49912    49913
   49914    49924    49957    49972    49978    49979    49997    50017    50035    50040
   50055    50059    50068    50073    50088    50097    50105    50128    50132    50170
   50174    50183    50192    50226    50226    50232    50253    50293    50293    50301
   50316    50336    50358    50365    50365    50365    50369    50380    50394    50399
   50420    50423    50434    50437    50448    50448    50449    50458    50475    50480
   50489    50490    50495    50498    50503    50507    50509    50567    50570    50578
   50580    50615    50629    50634    50650    50666    50682    50683    50684    50706
   50727    50728    50740    50750    50757    50761    50764    50766    50773    50775
   50776    50804    50829    50834    50844    50845    50850    50871    50873    50883
   50889    50900    50943    50965    51003    51040    51105    51133    51166    51166
   51173    51184    51188    51191    51196    51209    51213    51218    51218    51222
   51238    51252    51256    51267    51279    51293    51295    51306    51307    51320
   51341    51341    51356    51359    51365    51374    51378    51390    51390    51397
   51398    51403    51407    51424    51433    51463    51464    51495    51498    51498
   51507    51509    51519    51523    51542    51544    51545    51587    51597    51601
   51603    51608    51612    51615    51618    51642    51643    51648    51672    51723
   51724    51727    51756    51757    51767    51767    51768    51769    51770    51770
   51788    51800    51802    51804    51810    51819    51821    51869    51873    51874
   51929    51930    51950    51961    51977    51980    51981    52014    52016    52023
   52028    52040    52042    52053    52060    52061    52061    52098    52129    52132
   52137    52146    52148    52173    52174    52179    52181    52185    52193    52197
   52201    52205    52206    52209    52216    52217    52253    52256    52279    52294
   52295    52295    52316    52331    52340    52343    52356    52367    52377    52379
   52402    52423    52438    52448    52471    52478    52491    52492    52500    52516
   52517    52531    52536    52537    52538    52542    52551    52557    52602    52609
   52612    52640    52641    52647    52648    52676    52709    52712    52721    52727
   52737    52757    52758    52760    52761    52762    52792    52810    52817    52829
   52835    52837    52863    52881    52895    52896    52930    52945    52949    52955
   52965    52967    52986    52986    52996    53000    53007    53014    53017    53032
   53032    53033    53074    53080    53092    53102    53126    53138    53146    53162
   53165    53168    53169    53172    53177    53217    53232    53237    53255    53255
   53266    53270    53272    53273    53283    53285    53291    53303    53313    53322
   53324    53331    53338    53343    53343    53347    53375    53391    53391    53400
   53418    53421    53426    53447    53449    53460    53464    53472    53490    53500
   53532    53532    53539    53559    53566    53656    53688    53717    53757    53758
   53772    53779    53793    53801    53821    53844    53847    53858    53863    53889
   53890    53894    53909    53915    53962    53976    53978    54001    54009    54013
   54042    54057    54063    54074    54079    54082    54084    54093    54096    54098
   54113    54119    54122    54123    54140    54151    54169    54171    54195    54266
   54283    54287    54315    54328    54336    54338    54348    54351    54356    54360
   54370    54375    54378    54378    54383    54411    54419    54432    54440    54440
   54451    54459    54462    54467    54493    54501    54519    54519    54558    54574
   54575    54592    54597    54597    54607    54631    54641    54643    54645    54648
   54662    54664    54666    54678    54684    54691    54705    54707    54718    54733
   54734    54738    54748    54752    54779    54786    54799    54800    54801    54814
   54824    54833    54834    54845    54846    54870    54895    54914    54926    54929
   54931    54941    54953    54960    54968    54984    54988    54995    55009    55013
   55050    55054    55080    55092    55094    55094    55098    55118    55133    55138
   55144    55144    55157    55162    55164    55172    55186    55186    55187    55222
   55228    55232    55239    55242    55250    55254    55255    55262    55266    55266
   55268    55276    55279    55291    55317    55323    55325    55329    55333    55334
   55345    55357    55371    55396    55397    55413    55432    55433    55457    55463
   55467    55470    55478    55482    55504    55505    55513    55518    55529    55558
   55576    55585    55586    55593    55593    55601    55607    55609    55610    55615
   55617    55636    55642    55668    55687    55711    55759    55766    55774    55777
   55780    55783    55785    55799    55799    55824    55846    55859    55871    55872
   55874    55884    55897    55904    55920    55921    55927    55933    55940    55945
   55948    55960    55974    55974    55975    55975    55978    55987    56002    56016
   56018    56026    56065    56071    56077    56078    56080    56104    56106    56113
   56123    56124    56126    56138    56168    56188    56206    56206    56216    56224
   56243    56246    56286    56300    56307    56315    56321    56355    56370    56371
   56378    56379    56382    56395    56423    56426    56427    56428    56440    56444
   56456    56461    56470    56497    56513    56528    56533    56537    56547    56556
   56559    56586    56598    56610    56611    56625    56630    56648    56649    56650
   56657    56661    56668    56676    56707    56712    56714    56716    56734    56735
   56736    56748    56769    56772    56782    56782    56782    56804    56814    56816
   56822    56826    56841    56841    56856    56863    56864    56875    56877    56879
   56906    56918    56968    56969    56973    57002    57028    57040    57052    57059
   57060    57064    57070    57072    57097    57107    57112    57123    57124    57126
   57136    57141    57141    57148    57154    57161    57162    57179    57188    57197
   57224    57237    57247    57253    57269    57274    57284    57298    57337    57341
   57360    57364    57365    57368    57389    57392    57402    57416    57447    57449
   57459    57462    57481    57483    57484    57485    57488    57493    57516    57528
   57535    57536    57538    57542    57560    57570    57592    57595    57604    57617
   57623    57631    57631    57647    57665    57673    57677    57682    57682    57701
   57708    57713    57714    57717    57739    57758    57772    57775    57776    57777
   57803    57813    57821    57828    57829    57842    57854    57879    57912    57921
   57935    57937    57955    57988    57991    57995    57999    58026    58027    58029
   58040    58046    58052    58053    58061    58063    58076    58086    58095    58101
   58105    58110    58150    58156    58166    58174    58181    58194    58196    58214
   58221    58237    58240    58248    58256    58264    58267    58285    58291    58292
   58293    58295    58314    58321    58333    58339    58355    58357    58359    58360
   58360    58379    58380    58437    58454    58459    58465    58476    58479    58481
   58490    58491    58500    58502    58505    58516    58518    58522    58526    58535
   58548    58553    58565    58567    58571    58571    58580    58595    58604    58627
   58657    58659    58672    58690    58696    58703    58703    58711    58725    58726
   58733    58737    58747    58751    58751    58754    58757    58759    58773    58779
   58799    58835    58847    58849    58864    58868    58894    58954    58955    58958
   58980    59012    59013    59028    59036    59053    59053    59065    59071    59109
   59126    59165    59177    59179    59185    59186    59192    59209    59209    59215
   59215    59230    59238    59238    59240    59265    59270    59278    59299    59338
   59363    59372    59372    59374    59376    59379    59389    59418    59418    59427
   59442    59457    59465    59467    59475    59504    59508    59512    59525    59529
   59542    59570    59572    59573    59579    59611    59621    59621    59625    59640
   59648    59657    59659    59678    59686    59691    59698    59699    59699    59703
   59705    59718    59729    59756    59757    59759    59759    59769    59775    59777
   59778    59778    59784    59791    59804    59805    59813    59822    59837    59855
   59863    59869    59870    59885    59886    59888    59894    59912    59917    59918
   59925    59933    59936    59958    59959    59983    59995    60006    60011    60026
   60030    60031    60042    60055    60093    60100    60101    60115    60123    60135
   60145    60159    60176    60193    60196    60208    60217    60237    60257    60272
   60289    60291    60301    60308    60319    60328    60330    60331    60337    60350
   60376    60381    60397    60401    60405    60410    60423    60429    60433    60439
   60448    60457    60466    60474    60477    60479    60486    60498    60502    60505
   60508    60527    60549    60552    60569    60587    60596    60609    60626    60656
   60670    60678    60691    60693    60694    60699    60707    60707    60717    60726
   60733    60763    60776    60776    60778    60788    60795    60802    60804    60819
   60822    60822    60837    60851    60857    60869    60877    60918    60924    60939
   60952    60955    60961    60961    60979    60985    60988    60992    61002    61012
   61027    61032    61034    61036    61048    61050    61060    61076    61100    61106
   61109    61114    61124    61136    61162    61171    61172    61178    61193    61254
   61271    61271    61279    61282    61302    61303    61303    61329    61336    61345
   61378    61403    61403    61408    61409    61443    61456    61464    61465    61478
   61488    61494    61495    61511    61511    61518    61524    61529    61536    61538
   61539    61546    61546    61575    61605    61609    61610    61614    61619    61628
   61656    61664    61668    61676    61698    61698    61701    61702    61708    61708
   61733    61746    61748    61763    61780    61780    61782    61783    61785    61790
   61792    61795    61811    61812    61848    61864    61882    61893    61929    61931
   61945    61951    61958    61983    61991    62012    62014    62020    62034    62044
   62051    62056    62057    62072    62076    62089    62119    62138    62139    62168
   62171    62186    62199    62224    62235    62241    62251    62258    62259    62264
   62283    62313    62320    62324    62332    62335    62343    62349    62349    62359
   62360    62360    62371    62371    62376    62381    62387    62396    62399    62414
   62422    62441    62443    62455    62474    62478    62490    62516    62517    62527
   62528    62530    62531    62535    62539    62561    62567    62568    62574    62579
   62585    62608    62635    62637    62639    62664    62669    62688    62717    62718
   62722    62722    62724    62728    62728    62731    62736    62753    62761    62763
   62771    62778    62789    62801    62802    62802    62806    62818    62826    62855
   62855    62867    62879    62880    62886    62888    62892    62904    62905    62908
   62910    62934    62942    62952    62960    62970    62970    62977    62988    63002
   63020    63022    63025    63034    63037    63044    63048    63057    63074    63091
   63093    63099    63119    63123    63133    63149    63153    63164    63168    63189
   63194    63197    63199    63201    63204    63206    63215    63216    63223    63230
   63234    63236    63240    63244    63250    63255    63256    63260    63269    63294
   63295    63312    63315    63329    63331    63338    63351    63356    63381    63392
   63396    63397    63405    63408    63414    63418    63438    63488    63498    63503
   63518    63525    63530    63540    63558    63560    63596    63610    63616    63643
   63651    63664    63666    63672    63675    63695    63696    63709    63717    63725
   63731    63735    63752    63759    63761    63770    63779    63780    63780    63782
   63785    63785    63805    63809    63811    63819    63832    63840    63846    63852
   63855    63870    63872    63894    63898    63901    63903    63915    63918    63927
   63938    63947    63962    63965    63968    63969    63972    63975    63976    63977
   63995    64011    64020    64041    64058    64080    64082    64088    64088    64091
   64091    64102    64106    64112    64113    64126    64160    64164    64174    64189
   64190    64196    64212    64213    64219    64240    64243    64245    64256    64262
   64268    64281    64286    64299    64315    64320    64322    64340    64340    64346
   64347    64347    64350    64356    64377    64384    64394    64407    64409    64416
   64428    64443    64447    64450    64457    64469    64514    64532    64544    64551
   64558    64565    64612    64637    64659    64662    64676    64681    64690    64715
   64717    64718    64724    64727    64751    64752    64754    64758    64771    64777
   64785    64795    64798    64800    64807    64815    64818    64833    64834    64840
   64854    64854    64855    64858    64873    64888    64896    64902    64930    64938
   64940    64986    64995    64995    64996    65006    65012    65023    65027    65027
   65034    65059    65067    65074    65087    65101    65138    65144    65157    65176
   65180    65181    65185    65191    65193    65196    65197    65211    65211    65234
   65240    65241    65247    65251    65258    65261    65261    65264    65274    65287
   65298    65310    65313    65324    65351    65358    65376    65379    65384    65392
   65393    65394    65401    65408    65408    65411    65413    65414    65454    65457
   65458    65499    65515    65521    65527    65529    65530    65531    65547    65547
   65548    65563    65595    65603    65614    65618    65632    65640    65644    65656
   65658    65662    65690    65705    65706    65713    65727    65740    65756    65785
   65793    65810    65815    65819    65823    65824    65843    65867    65869    65880
   65905    65906    65914    65915    65918    65918    65924    65938    65964    65987
   65988    65999    66001    66030    66036    66039    66043    66048    66052    66069
   66071    66072    66073    66081    66083    66117    66127    66127    66156    66157
   66167    66168    66169    66174    66203    66204    66205    66205    66209    66210
   66219    66222    66225    66235    66241    66243    66249    66255    66275    66296
   66304    66306    66314    66324    66329    66329    66343    66351    66360    66395
   66398    66401    66404    66412    66421    66421    66440    66449    66451    66454
   66465    66475    66476    66478    66482    66485    66501    66503    66504    66505
   66508    66510    66512    66516    66521    66524    66532    66555    66560    66565
   66575    66580    66591    66601    66602    66609    66614    66632    66645    66667
   66672    66674    66677    66687    66690    66692    66694    66703    66705    66711
   66716    66716    66728    66808    66819    66827    66829    66834    66849    66862
   66872    66873    66885    66898    66899    66916    66920    66926    66930    66938
   67001    67003    67012    67062    67062    67067    67091    67103    67105    67136
   67144    67158    67159    67164    67165    67166    67169    67177    67190    67206
   67232    67235    67238    67253    67318    67322    67335    67344    67347    67351
   67364    67371    67378    67379    67386    67392    67415    67421    67423    67424
   67458    67470    67472    67520    67528    67533    67535    67539    67555    67570
   67580    67591    67615    67616    67636    67640    67655    67658    67659    67671
   67674    67708    67710    67731    67732    67735    67741    67747    67748    67750
   67754    67762    67768    67773    67773    67778    67803    67823    67826    67842
   67854    67857    67858    67863    67885    67890    67898    67917    67945    67947
   67957    67962    67972    67983    67991    67993    67995    67997    67998    68001
   68035    68047    68067    68069    68079    68088    68091    68091    68096    68104
   68131    68131    68138    68163    68199    68204    68226    68237    68253    68260
   68298    68308    68308    68360    68360    68361    68361    68363    68373    68374
   68379    68390    68413    68432    68439    68443    68447    68450    68451    68464
   68466    68473    68485    68492    68529    68533    68535    68539    68554    68562
   68564    68565    68568    68576    68583    68586    68630    68639    68644    68667
   68681    68685    68693    68704    68705    68713    68719    68723    68727    68731
   68749    68765    68770    68786    68797    68807    68816    68824    68830    68831
   68837    68848    68854    68875    68879    68883    68894    68901    68905    68910
   68916    68933    68938    68940    68944    68960    68960    68964    68966    68982
   69036    69042    69052    69056    69063    69064    69074    69075    69080    69081
   69095    69115    69119    69140    69148    69163    69163    69186    69188    69193
   69203    69210    69221    69227    69227    69250    69277    69287    69291    69298
   69299    69299    69309    69333    69337    69338    69344    69393    69396    69396
   69401    69405    69407    69408    69413    69414    69414    69424    69432    69446
   69446    69453    69460    69465    69472    69477    69478    69478    69488    69489
   69502    69510    69513    69513    69517    69522    69532    69544    69608    69615
   69615    69639    69656    69693    69707    69710    69712    69770    69789    69794
   69798    69805    69820    69850    69863    69865    69875    69886    69909    69955
   69960    69976    69983    69990    70017    70021    70033    70034    70044    70057
   70057    70060    70063    70075    70079    70079    70095    70103    70128    70130
   70147    70172    70188    70199    70201    70232    70241    70270    70273    70279
   70298    70320    70320    70326    70335    70345    70358    70359    70369    70392
   70399    70403    70423    70437    70438    70440    70441    70443    70466    70479
   70491    70493    70499    70501    70523    70529    70539    70548    70548    70567
   70577    70587    70594    70601    70616    70624    70627    70636    70637    70647
   70652    70653    70653    70686    70699    70708    70709    70727    70738    70745
   70753    70755    70780    70785    70788    70788    70789    70791    70822    70822
   70826    70829    70829    70835    70849    70872    70876    70901    70922    70967
   70970    70976    70979    70987    70992    71003    71010    71011    71012    71014
   71026    71036    71053    71057    71058    71061    71075    71082    71084    71084
   71085    71099    71106    71124    71131    71132    71133    71150    71164    71170
   71170    71204    71206    71209    71220    71232    71249    71268    71286    71287
   71296    71306    71309    71309    71328    71339    71366    71369    71369    71370
   71373    71380    71384    71402    71420    71427    71429    71440    71440    71443
   71463    71483    71489    71490    71493    71506    71519    71521    71562    71564
   71604    71613    71621    71651    71657    71662    71667    71668    71669    71675
   71685    71690    71696    71700    71743    71760    71787    71799    71801    71807
   71814    71816    71822    71839    71841    71843    71875    71878    71893    71907
   71938    71940    71961    71963    71968    71976    72014    72014    72018    72039
   72066    72096    72099    72121    72132    72141    72142    72144    72144    72145
   72148    72150    72174    72177    72181    72194    72195    72208    72220    72223
   72227    72244    72247    72279    72279    72281    72283    72290    72290    72303
   72310    72315    72320    72320    72323    72326    72329    72372    72385    72410
   72412    72430    72442    72449    72451    72463    72515    72522    72549    72553
   72557    72589    72602    72604    72607    72614    72627    72641    72649    72653
   72658    72681    72681    72683    72683    72688    72726    72734    72768    72785
   72787    72821    72835    72838    72840    72849    72895    72916    72920    72921
   72929    72942    72959    72975    72996    72999    73008    73009    73031    73036
   73039    73041    73047    73055    73059    73078    73080    73081    73104    73110
   73113    73125    73148    73151    73154    73206    73208    73215    73225    73247
   73250    73251    73256    73258    73269    73271    73292    73298    73298    73304
   73335    73337    73341    73368    73371    73401    73401    73402    73416    73434
   73438    73455    73463    73474    73480    73492    73507    73528    73536    73541
   73549    73552    73593    73597    73601    73603    73625    73639    73643    73657
   73679    73689    73695    73736    73756    73760    73769    73775    73780    73782
   73813    73820    73830    73843    73845    73893    73905    73905    73905    73922
   73937    73948    73953    73956    73959    73966    73974    73976    73987    73990
   73990    73993    74000    74006    74019    74051    74052    74076    74084    74108
   74110    74128    74130    74135    74148    74150    74181    74200    74215    74221
   74235    74241    74241    74251    74257    74263    74295    74307    74309    74311
   74340    74341    74348    74354    74366    74376    74377    74383    74414    74421
   74421    74430    74457    74461    74462    74467    74486    74489    74492    74495
   74514    74534    74536    74553    74553    74575    74588    74592    74592    74605
   74607    74618    74656    74667    74677    74689    74695    74696    74706    74715
   74730    74745    74770    74822    74828    74848    74859    74861    74876    74885
   74886    74932    74945    74965    74973    74985    74989    75006    75007    75012
   75016    75035    75040    75044    75063    75068    75073    75077    75083    75119
   75135    75176    75182    75183    75203    75207    75210    75213    75215    75236
   75256    75257    75261    75270    75294    75294    75301    75305    75321    75338
   75348    75352    75382    75384    75398    75410    75413    75414    75431    75434
   75438    75456    75456    75469    75494    75501    75509    75513    75536    75541
   75546    75575    75602    75607    75618    75618    75623    75639    75652    75677
   75678    75681    75695    75704    75708    75712    75718    75721    75746    75759
   75761    75800    75800    75821    75849    75854    75866    75882    75883    75888
   75889    75904    75918    75935    75943    75951    75953    75977    75978    75979
   75984    75991    75994    76030    76053    76054    76063    76069    76070    76083
   76092    76096    76100    76126    76129    76135    76144    76146    76177    76192
   76202    76204    76220    76221    76223    76228    76231    76237    76255    76264
   76269    76287    76292    76297    76303    76305    76306    76318    76322    76324
   76341    76361    76368    76370    76371    76380    76380    76402    76404    76404
   76417    76420    76420    76421    76422    76448    76520    76526    76532    76536
   76540    76541    76542    76544    76552    76562    76565    76566    76570    76574
   76577    76587    76599    76599    76601    76634    76651    76666    76694    76707
   76712    76727    76738    76739    76755    76760    76768    76791    76794    76834
   76848    76849    76865    76878    76882    76887    76894    76903    76914    76917
   76944    76951    76957    76964    76972    76988    76999    77030    77031    77053
   77059    77061    77081    77092    77121    77121    77127    77136    77137    77140
   77145    77197    77209    77230    77255    77276    77291    77298    77305    77324
   77334    77337    77347    77353    77361    77361    77367    77390    77399    77402
   77418    77420    77454    77478    77496    77496    77496    77498    77503    77513
   77517    77518    77529    77533    77549    77559    77572    77583    77589    77597
   77600    77614    77622    77625    77637    77652    77657    77671    77693    77694
   77699    77706    77715    77723    77728    77746    77750    77757    77765    77775
   77804    77807    77810    77812    77818    77823    77824    77829    77832    77838
   77847    77869    77897    77926    77946    77955    77960    77984    77995    78001
   78004    78010    78021    78021    78025    78048    78052    78057    78064    78070
   78072    78077    78082    78086    78093    78104    78127    78131    78136    78141
   78141    78145    78157    78172    78177    78177    78178    78187    78206    78216
   78222    78256    78260    78267    78269    78279    78293    78295    78309    78309
   78313    78322    78329    78347    78355    78366    78366    78372    78382    78388
   78391    78399    78405    78411    78416    78426    78441    78450    78451    78481
   78493    78499    78523    78527    78542    78570    78585    78597    78599    78603
   78604    78606    78616    78620    78620    78637    78648    78649    78658    78658
   78662    78691    78730    78732    78734    78751    78751    78777    78780    78785
   78786    78790    78805    78813    78822    78842    78842    78854    78869    78883
   78891    78894    78894    78916    78931    78934    78942    78946    78954    78964
   78970    78970    78975    78989    79026    79030    79031    79048    79085    79087
   79090    79111    79111    79112    79156    79157    79186    79188    79195    79197
   79208    79210    79216    79224    79228    79231    79247    79265    79266    79268
   79285    79290    79291    79295    79301    79308    79314    79316    79320    79326
   79328    79351    79364    79365    79378    79380    79387    79394    79403    79406
   79415    79424    79425    79440    79459    79461    79481    79495    79503    79506
   79515    79516    79529    79555    79559    79564    79578    79580    79580    79580
   79582    79598    79605    79640    79648    79653    79684    79693    79695    79697
   79697    79718    79722    79724    79738    79740    79764    79767    79770    79772
   79779    79810    79818    79831    79859    79866    79886    79905    79917    79936
   79972    79981    79989    79998    80004    80005    80005    80016    80018    80023
   80025    80028    80040    80040    80044    80045    80054    80055    80059    80074
   80093    80094    80098    80101    80106    80118    80130    80137    80148    80159
   80183    80208    80210    80210    80217    80233    80237    80238    80246    80247
   80253    80283    80290    80294    80306    80308    80315    80333    80340    80355
   80357    80361    80409    80410    80424    80429    80453    80470    80471    80477
   80487    80490    80496    80499    80501    80511    80530    80551    80552    80566
   80576    80591    80604    80618    80626    80636    80636    80660    80664    80670
   80683    80711    80713    80715    80733    80742    80745    80750    80753    80774
   80777    80780    80781    80788    80795    80798    80836    80861    80891    80922
   80930    80950    80955    80964    80978    80999    81003    81026    81028    81030
   81043    81048    81068    81070    81095    81098    81102    81107    81125    81150
   81156    81157    81167    81190    81208    81212    81218    81222    81230    81230
   81245    81250    81251    81258    81259    81260    81261    81279    81286    81288
   81289    81293    81294    81294    81297    81308    81336    81341    81348    81351
   81353    81354    81354    81354    81358    81359    81360    81375    81398    81411
   81437    81441    81444    81462    81463    81470    81473    81474    81489    81501
   81503    81508    81511    81514    81515    81520    81526    81528    81534    81562
   81565    81569    81574    81577    81590    81591    81600    81606    81608    81608
   81612    81615    81627    81654    81662    81734    81738    81747    81755    81760
   81787    81790    81800    81808    81816    81820    81826    81837    81840    81845
   81885    81886    81890    81905    81911    81912    81916    81945    81951    81957
   81959    81961    81975    81984    82011    82016    82026    82037    82052    82062
   82083    82085    82091    82108    82109    82113    82118    82124    82131    82155
   82159    82164    82167    82181    82188    82203    82215    82220    82234    82245
   82255    82278    82290    82299    82318    82333    82365    82369    82372    82386
   82390    82404    82422    82428    82443    82454    82460    82485    82496    82516
   82521    82539    82555    82559    82561    82565    82574    82583    82617    82629
   82693    82719    82733    82744    82749    82751    82754    82756    82763    82768
   82771    82775    82789    82813    82826    82826    82833    82843    82844    82847
   82883    82884    82891    82894    82896    82905    82906    82907    82938    82947
   82948    82951    82954    82961    82970    82978    82989    82992    82994    83000
   83013    83022    83026    83036    83052    83054    83058    83067    83073    83079
   83084    83084    83091    83114    83132    83134    83156    83167    83177    83177
   83183    83203    83205    83205    83213    83215    83229    83242    83246    83255
   83256    83263    83286    83292    83302    83307    83308    83314    83318    83326
   83330    83344    83347    83352    83360    83381    83395    83400    83414    83416
   83418    83425    83428    83436    83445    83455    83471    83480    83496    83505
   83523    83531    83533    83546    83552    83558    83568    83573    83589    83609
   83621    83668    83686    83695    83698    83700    83725    83735    83748    83762
   83772    83777    83786    83803    83816    83829    83834    83862    83863    83871
   83885    83890    83897    83910    83929    83934    83938    83946    83960    83966
   83985    84000    84016    84016    84030    84035    84041    84044    84057    84059
   84062    84065    84067    84099    84107    84126    84127    84136    84137    84143
   84152    84153    84154    84159    84165    84176    84198    84203    84211    84218
   84223    84270    84270    84275    84302    84316    84318    84320    84322    84333
   84344    84350    84353    84355    84360    84381    84386    84387    84399    84400
   84422    84452    84468    84480    84485    84493    84493    84494    84498    84505
   84506    84523    84525    84527    84535    84552    84564    84564    84566    84578
   84588    84594    84599    84602    84610    84652    84658    84666    84676    84678
   84678    84686    84693    84701    84701    84713    84715    84723    84726    84743
   84749    84753    84764    84769    84772    84783    84788    84794    84795    84798
   84808    84810    84814    84840    84840    84855    84872    84879    84881    84884
   84913    84926    84961    84968    84970    84977    84980    84992    85001    85026
   85033    85044    85045    85048    85060    85063    85065    85078    85078    85083
   85087    85090    85092    85094    85102    85102    85103    85110    85133    85142
   85148    85154    85156    85160    85218    85235    85245    85259    85261    85287
   85303    85309    85314    85323    85324    85333    85345    85360    85366    85380
   85385    85460    85469    85470    85472    85472    85476    85484    85486    85497
   85500    85518    85524    85542    85553    85555    85557    85580    85593    85593
   85596    85607    85620    85623    85630    85647    85652    85675    85677    85684
   85686    85721    85735    85742    85747    85749    85764    85773    85778    85803
   85808    85823    85856    85892    85909    85927    85927    85943    85944    85962
   85968    85971    85987    86001    86018    86020    86028    86034    86043    86050
   86052    86061    86087    86087    86089    86092    86105    86108    86118    86122
   86151    86160    86171    86182    86186    86188    86198    86202    86210    86211
   86241    86242    86243    86252    86257    86265    86268    86276    86278    86278
   86301    86315    86332    86337    86341    86344    86350    86357    86370    86372
   86382    86385    86391    86391    86393    86427    86444    86480    86486    86491
   86510    86529    86552    86557    86570    86575    86589    86601    86613    86629
   86630    86642    86649    86672    86696    86707    86707    86709    86712    86720
   86742    86762    86768    86781    86820    86821    86825    86845    86851    86883
   86885    86902    86909    86910    86913    86917    86929    86931    86939    86942
   86943    86948    86953    86960    86966    86966    86984    86990    86992    86997
   86998    87001    87007    87026    87034    87051    87052    87052    87070    87072
   87079    87087    87088    87095    87098    87142    87153    87166    87166    87167
   87169    87169    87184    87221    87222    87229    87233    87237    87260    87279
   87290    87321    87323    87330    87333    87337    87340    87340    87345    87347
   87348    87399    87404    87407    87425    87439    87443    87448    87454    87461
   87463    87471    87483    87485    87491    87493    87505    87510    87526    87528
   87529    87532    87576    87586    87587    87595    87617    87630    87633    87639
   87646    87648    87658    87664    87700    87704    87705    87712    87717    87729
   87743    87756    87780    87783    87785    87791    87794    87803    87805    87809
   87825    87826    87835    87847    87851    87853    87856    87858    87871    87873
   87881    87887    87891    87895    87898    87901    87912    87926    87932    87949
   87950    87962    87973    87983    87991    88006    88017    88022    88027    88066
   88075    88089    88090    88094    88108    88112    88114    88117    88132    88133
   88141    88156    88159    88163    88184    88190    88192    88227    88250    88255
   88267    88275    88303    88306    88316    88333    88342    88362    88397    88411
   88437    88440    88451    88465    88468    88473    88490    88497    88530    88539
   88543    88547    88551    88574    88580    88592    88600    88616    88626    88630
   88643    88644    88648    88651    88665    88679    88696    88712    88763    88765
   88773    88774    88800    88808    88809    88824    88828    88834    88835    88853
   88869    88893    88894    88907    88911    88921    88930    88931    88934    88936
   88954    88964    88975    88990    88997    89009    89012    89018    89028    89030
   89032    89049    89075    89077    89097    89110    89113    89122    89122    89124
   89126    89146    89151    89173    89176    89180    89189    89190    89197    89200
   89208    89209    89224    89286    89296    89313    89316    89318    89337    89339
   89343    89346    89349    89368    89379    89385    89387    89389    89414    89419
   89420    89452    89454    89457    89470    89481    89483    89487    89547    89575
   89596    89613    89625    89635    89659    89660    89670    89715    89719    89726
   89727    89733    89746    89751    89753    89796    89805    89816    89821    89825
   89846    89856    89860    89861    89868    89873    89874    89876    89884    89890
   89891    89901    89901    89909    89926    89927    89936    89942    89954    90026
   90027    90034    90050    90055    90056    90065    90077    90117    90150    90155
   90169    90180    90194    90212    90236    90237    90270    90294    90307    90307
   90346    90350    90354    90355    90375    90383    90388    90401    90410    90411
   90414    90417    90442    90455    90467    90479    90490    90493    90511    90511
   90512    90517    90527    90533    90537    90537    90549    90550    90566    90567
   90567    90569    90572    90588    90590    90601    90603    90606    90625    90655
   90658    90667    90671    90702    90710    90711    90721    90744    90747    90754
   90755    90756    90759    90765    90767    90775    90779    90781    90791    90798
   90811    90821    90824    90839    90854    90877    90888    90903    90909    90909
   90910    90921    90930    90931    90943    90948    90948    90954    90969    90969
   90972    90984    90985    90993    91001    91002    91023    91029    91043    91052
   91056    91082    91097    91105    91119    91120    91123    91125    91137    91149
   91154    91164    91186    91186    91188    91188    91195    91202    91222    91233
   91261    91263    91284    91296    91302    91314    91333    91346    91378    91391
   91400    91415    91416    91418    91421    91440    91444    91483    91483    91488
   91490    91493    91511    91511    91519    91573    91588    91595    91606    91616
   91617    91630    91636    91637    91668    91670    91681    91688    91692    91693
   91750    91755    91759    91764    91770    91781    91801    91811    91819    91833
   91845    91849    91856    91859    91864    91865    91869    91882    91886    91891
   91922    91927    91940    91943    91946    91955    91984    91989    92009    92018
   92025    92034    92042    92046    92047    92058    92063    92068    92070    92075
   92076    92116    92121    92123    92132    92153    92166    92171    92177    92182
   92187    92189    92194    92215    92217    92247    92248    92290    92295    92315
   92317    92318    92334    92334    92338    92345    92348    92369    92391    92397
   92410    92443    92446    92449    92459    92476    92489    92494    92502    92509
   92509    92519    92540    92545    92559    92576    92584    92592    92602    92604
   92622    92622    92625    92644    92669    92678    92679    92679    92679    92683
   92691    92693    92695    92714    92723    92738    92754    92757    92760    92767
   92771    92775    92777    92783    92799    92804    92814    92815    92818    92821
   92848    92848    92855    92860    92865    92869    92870    92875    92876    92877
   92878    92881    92892    92903    92907    92908    92934    92953    92972    92975
   92987    92991    92992    92993    93013    93024    93037    93038    93071    93075
   93092    93102    93113    93121    93127    93129    93142    93142    93157    93163
   93164    93165    93172    93174    93187    93187    93203    93210    93217    93222
   93236    93250    93254    93276    93297    93299    93299    93304    93314    93332
   93334    93342    93351    93355    93355    93362    93365    93399    93405    93411
   93412    93443    93445    93457    93458    93460    93466    93469    93471    93481
   93483    93487    93490    93493    93518    93521    93532    93552    93557    93582
   93586    93596    93615    93622    93630    93640    93652    93663    93667    93669
   93669    93682    93718    93748    93777    93794    93819    93823    93823    93826
   93851    93854    93874    93886    93893    93903    93923    93960    93964    93971
   93975    93980    93990    93991    94004    94018    94024    94026    94029    94032
   94042    94056    94065    94087    94095    94118    94121    94129    94133    94135
   94152    94157    94160    94172    94173    94184    94185    94201    94201    94206
   94224    94227    94252    94258    94259    94278    94282    94287    94289    94291
   94322    94324    94339    94377    94386    94390    94417    94418    94435    94440
   94442    94459    94473    94481    94488    94488    94516    94517    94524    94532
   94542    94551    94557    94560    94563    94577    94588    94590    94619    94636
   94648    94649    94656    94661    94680    94682    94699    94704    94713    94714
   94715    94743    94756    94763    94787    94797    94807    94813    94824    94835
   94848    94849    94849    94859    94861    94882    94885    94908    94919    94920
   94925    94940    94942    94967    94969    94982    95002    95038    95047    95048
   95049    95058    95059    95060    95074    95091    95106    95119    95128    95141
   95146    95159    95169    95174    95185    95188    95193    95196    95223    95232
   95236    95246    95272    95273    95340    95343    95343    95352    95365    95366
   95381    95388    95395    95401    95409    95411    95412    95430    95434    95435
   95438    95482    95497    95528    95528    95529    95543    95547    95549    95550
   95558    95564    95582    95589    95600    95606    95621    95627    95629    95674
   95686    95702    95709    95717    95732    95756    95763    95796    95812    95816
   95825    95845    95848    95864    95864    95880    95886    95895    95897    95915
   95948    95954    95959    95979    96018    96022    96035    96055    96074    96093
   96097    96099    96116    96137    96151    96154    96157    96179    96181    96213
   96214    96245    96245    96248    96248    96259    96267    96282    96284    96291
   96327    96344    96351    96363    96379    96382    96384    96395    96401    96404
   96405    96413    96421    96429    96436    96440    96463    96467    96473    96478
   96494    96495    96497    96500    96503    96517    96522    96530    96535    96542
   96544    96552    96552    96553    96554    96557    96561    96575    96577    96585
   96607    96627    96630    96649    96650    96651    96664    96666    96674    96677
   96679    96722    96727    96730    96733    96759    96762    96767    96774    96776
   96776    96784    96786    96794    96799    96806    96822    96826    96828    96832
   96840    96841    96844    96846    96861    96872    96877    96883    96898    96900
   96904    96913    96918    96934    96939    96968    96971    96975    96976    96988
   97002    97004    97010    97032    97033    97033    97039    97048    97050    97055
   97058    97084    97096    97098    97100    97100    97104    97122    97129    97137
   97168    97170    97173    97175    97178    97179    97198    97203    97207    97212
   97220    97226    97229    97231    97252    97253    97266    97276    97276    97304
   97335    97337    97353    97354    97382    97384    97385    97417    97425    97425
   97471    97476    97493    97499    97499    97512    97542    97594    97612    97639
   97639    97643    97646    97656    97665    97668    97669    97672    97677    97678
   97693    97693    97709    97711    97716    97738    97762    97775    97775    97782
   97787    97808    97812    97821    97824    97828    97829    97838    97843    97851
   97868    97875    97880    97882    97883    97887    97887    97914    97922    97928
   97939    97943    97953    97962    97965    97978    98004    98016    98065    98067
   98073    98074    98077    98081    98084    98085    98096    98126    98156    98157
   98172    98173    98196    98196    98198    98212    98213    98216    98229    98239
   98259    98271    98295    98305    98321    98336    98361    98397    98402    98403
   98454    98462    98470    98478    98479    98480    98482    98496    98520    98543
   98547    98556    98559    98578    98592    98594    98617    98622    98636    98658
   98667    98696    98704    98714    98718    98719    98731    98752    98763    98765
   98768    98769    98769    98780    98792    98794    98807    98823    98830    98833
   98838    98855    98858    98882    98887    98889    98895    98898    98900    98910
   98913    98918    98920    98924    98941    98945    98954    98968    98973    98975
   98985    99005    99019    99026    99028    99052    99058    99059    99060    99067
   99075    99084    99088    99101    99124    99145    99155    99180    99194    99197
   99198    99200    99221    99231    99240    99245    99250    99251    99260    99263
   99276    99287    99305    99305    99315    99349    99378    99390    99400    99410
   99413    99435    99462    99473    99480    99490    99490    99496    99515    99520
   99525    99546    99561    99575    99579    99582    99592    99598    99599    99607
   99622    99629    99642    99645    99667    99683    99683    99707    99714    99735
   99741    99778    99807    99818    99820    99824    99834    99849    99856    99873
   99879    99886    99895    99897    99901    99905    99910    99917    99920    99926
   99938    99939    99939    99942    99946    99959    99972    99976    99987   100000
